cam0=[7242.753 0 1079.538; 0 7242.753 1018.846; 0 0 1]
cam1=[7242.753 0 1588.865; 0 7242.753 1018.846; 0 0 1]
doffs=509.327
baseline=379.965
width=2356
height=1996
ndisp=1110
isint=0
vmin=7
vmax=1100
dyavg=0
dymax=0
